%YAML:1.0
---
calibration_time: "sex 20 abr 2018 20:40:51 -03"
image_width: 800
image_height: 600
board_width: 9
board_height: 6
square_size: 1.
aspectRatio: 1.
flags: 2
camera_matrix: !!opencv-matrix
   rows: 3
   cols: 3
   dt: d
   data: [ 6.8685638014197946e+02, 0., 4.6084885040243728e+02, 0.,
       6.8685638014197946e+02, 2.0920265458681513e+02, 0., 0., 1. ]
distortion_coefficients: !!opencv-matrix
   rows: 5
   cols: 1
   dt: d
   data: [ 2.8529125802442995e-01, -1.2169381622637903e+00,
       -2.1826090247933347e-02, 3.7640225515172014e-03,
       1.9652541205261032e+00 ]
avg_reprojection_error: 9.7259714665950470e-01
